SNR =

     3     5     7     9


bitErrorRateBPSK =

    0.0783    0.0437    0.0133    0.0020


bitErrorRateHard =

    0.0387    0.0050         0         0


bitErrorRateSoft =

    0.0077    0.0003         0         0

>> 